ITASCA VECTOR3D
2.000000e-02 -4.500000e-02 -2.000000e-02 -5.263889e-09 1.171741e-02 5.263889e-09
2.000000e-02 -3.500000e-02 -2.000000e-02 1.387823e-09 1.171741e-02 -1.387823e-09
2.000000e-02 -2.500000e-02 -2.000000e-02 2.771522e-09 1.171742e-02 -2.771522e-09
2.000000e-02 -1.500000e-02 -2.000000e-02 -2.325782e-09 1.171742e-02 2.325782e-09
2.000000e-02 -5.000000e-03 -2.000000e-02 2.423755e-10 1.171742e-02 -2.423755e-10
2.000000e-02 5.000000e-03 -2.000000e-02 7.650145e-09 1.171741e-02 -7.650145e-09
2.000000e-02 1.500000e-02 -2.000000e-02 -1.995766e-09 1.171741e-02 1.995766e-09
2.000000e-02 2.500000e-02 -2.000000e-02 -4.960798e-09 1.171742e-02 4.960798e-09
2.000000e-02 3.500000e-02 -2.000000e-02 1.120672e-09 1.171741e-02 -1.120672e-09
2.000000e-02 4.500000e-02 -2.000000e-02 3.002700e-09 1.171739e-02 -3.002700e-09
1.000000e-02 -4.500000e-02 -2.000000e-02 -1.231616e-09 1.171741e-02 6.426910e-10
1.000000e-02 -3.500000e-02 -2.000000e-02 2.587536e-09 1.171741e-02 3.321822e-09
1.000000e-02 -2.500000e-02 -2.000000e-02 1.242067e-09 1.171742e-02 9.260904e-10
1.000000e-02 -1.500000e-02 -2.000000e-02 -8.146554e-10 1.171742e-02 -6.168285e-09
1.000000e-02 -5.000000e-03 -2.000000e-02 3.883310e-09 1.171741e-02 -2.755036e-09
1.000000e-02 5.000000e-03 -2.000000e-02 1.122734e-08 1.171741e-02 -1.910462e-09
1.000000e-02 1.500000e-02 -2.000000e-02 7.257974e-10 1.171742e-02 5.338403e-10
1.000000e-02 2.500000e-02 -2.000000e-02 2.171641e-09 1.171742e-02 -9.876283e-10
1.000000e-02 3.500000e-02 -2.000000e-02 1.060698e-08 1.171741e-02 -4.146285e-09
1.000000e-02 4.500000e-02 -2.000000e-02 7.946097e-09 1.171739e-02 -3.115678e-09
0.000000e+00 -4.500000e-02 -2.000000e-02 3.018675e-09 1.171741e-02 2.856554e-09
0.000000e+00 -3.500000e-02 -2.000000e-02 -9.297512e-11 1.171741e-02 8.076742e-10
0.000000e+00 -2.500000e-02 -2.000000e-02 1.000610e-09 1.171742e-02 -1.252632e-09
0.000000e+00 -1.500000e-02 -2.000000e-02 4.445350e-09 1.171741e-02 -6.372498e-09
0.000000e+00 -5.000000e-03 -2.000000e-02 5.024074e-09 1.171741e-02 -3.799581e-09
0.000000e+00 5.000000e-03 -2.000000e-02 7.962017e-09 1.171741e-02 -3.084123e-09
0.000000e+00 1.500000e-02 -2.000000e-02 8.421939e-09 1.171741e-02 -1.887821e-09
0.000000e+00 2.500000e-02 -2.000000e-02 1.547282e-08 1.171741e-02 -2.790399e-09
0.000000e+00 3.500000e-02 -2.000000e-02 1.853201e-08 1.171741e-02 -4.185184e-09
0.000000e+00 4.500000e-02 -2.000000e-02 9.273791e-09 1.171740e-02 -2.621337e-09
-1.000000e-02 -4.500000e-02 -2.000000e-02 -1.326292e-09 1.171741e-02 1.779150e-09
-1.000000e-02 -3.500000e-02 -2.000000e-02 -1.042391e-09 1.171741e-02 2.906735e-10
-1.000000e-02 -2.500000e-02 -2.000000e-02 4.612500e-09 1.171742e-02 -4.777122e-10
-1.000000e-02 -1.500000e-02 -2.000000e-02 7.673567e-09 1.171741e-02 -5.095204e-09
-1.000000e-02 -5.000000e-03 -2.000000e-02 4.726596e-09 1.171741e-02 -5.437326e-09
-1.000000e-02 5.000000e-03 -2.000000e-02 8.657874e-09 1.171741e-02 -5.062611e-09
-1.000000e-02 1.500000e-02 -2.000000e-02 9.644811e-09 1.171741e-02 -3.701998e-09
-1.000000e-02 2.500000e-02 -2.000000e-02 1.258724e-08 1.171741e-02 -3.402657e-09
-1.000000e-02 3.500000e-02 -2.000000e-02 1.350708e-08 1.171741e-02 -3.503413e-09
-1.000000e-02 4.500000e-02 -2.000000e-02 6.503789e-09 1.171741e-02 -1.904731e-09
-2.000000e-02 -4.500000e-02 -2.000000e-02 -3.126941e-10 1.171741e-02 8.689645e-11
-2.000000e-02 -3.500000e-02 -2.000000e-02 2.502969e-10 1.171741e-02 1.628972e-10
-2.000000e-02 -2.500000e-02 -2.000000e-02 2.082435e-09 1.171741e-02 5.315067e-12
-2.000000e-02 -1.500000e-02 -2.000000e-02 4.739343e-09 1.171741e-02 -3.910060e-09
-2.000000e-02 -5.000000e-03 -2.000000e-02 3.343456e-09 1.171741e-02 -6.494198e-09
-2.000000e-02 5.000000e-03 -2.000000e-02 4.273050e-09 1.171741e-02 -7.068087e-09
-2.000000e-02 1.500000e-02 -2.000000e-02 3.944433e-09 1.171741e-02 -5.885577e-09
-2.000000e-02 2.500000e-02 -2.000000e-02 4.246865e-09 1.171741e-02 -4.449435e-09
-2.000000e-02 3.500000e-02 -2.000000e-02 4.461372e-09 1.171741e-02 -3.250686e-09
-2.000000e-02 4.500000e-02 -2.000000e-02 2.173395e-09 1.171741e-02 -1.339214e-09
2.000000e-02 -4.500000e-02 -1.000000e-02 -6.426910e-10 1.171741e-02 1.231616e-09
2.000000e-02 -3.500000e-02 -1.000000e-02 -3.321822e-09 1.171741e-02 -2.587536e-09
2.000000e-02 -2.500000e-02 -1.000000e-02 -9.260904e-10 1.171742e-02 -1.242067e-09
2.000000e-02 -1.500000e-02 -1.000000e-02 6.168285e-09 1.171742e-02 8.146554e-10
2.000000e-02 -5.000000e-03 -1.000000e-02 2.755036e-09 1.171741e-02 -3.883310e-09
2.000000e-02 5.000000e-03 -1.000000e-02 1.910462e-09 1.171741e-02 -1.122734e-08
2.000000e-02 1.500000e-02 -1.000000e-02 -5.338403e-10 1.171742e-02 -7.257975e-10
2.000000e-02 2.500000e-02 -1.000000e-02 9.876283e-10 1.171742e-02 -2.171641e-09
2.000000e-02 3.500000e-02 -1.000000e-02 4.146285e-09 1.171741e-02 -1.060698e-08
2.000000e-02 4.500000e-02 -1.000000e-02 3.115678e-09 1.171739e-02 -7.946097e-09
1.000000e-02 -4.500000e-02 -1.000000e-02 1.175719e-09 1.171742e-02 -1.175719e-09
1.000000e-02 -3.500000e-02 -1.000000e-02 3.920390e-10 1.171741e-02 -3.920389e-10
1.000000e-02 -2.500000e-02 -1.000000e-02 -2.768232e-10 1.171741e-02 2.768233e-10
1.000000e-02 -1.500000e-02 -1.000000e-02 7.883625e-09 1.171741e-02 -7.883625e-09
1.000000e-02 -5.000000e-03 -1.000000e-02 7.440514e-09 1.171741e-02 -7.440514e-09
1.000000e-02 5.000000e-03 -1.000000e-02 6.661316e-09 1.171741e-02 -6.661316e-09
1.000000e-02 1.500000e-02 -1.000000e-02 4.609383e-09 1.171742e-02 -4.609383e-09
1.000000e-02 2.500000e-02 -1.000000e-02 9.922838e-09 1.171742e-02 -9.922838e-09
1.000000e-02 3.500000e-02 -1.000000e-02 1.367149e-08 1.171740e-02 -1.367149e-08
1.000000e-02 4.500000e-02 -1.000000e-02 7.564733e-09 1.171739e-02 -7.564733e-09
0.000000e+00 -4.500000e-02 -1.000000e-02 1.882217e-09 1.171741e-02 9.987823e-10
0.000000e+00 -3.500000e-02 -1.000000e-02 2.938174e-09 1.171741e-02 -3.291291e-09
0.000000e+00 -2.500000e-02 -1.000000e-02 2.404413e-09 1.171741e-02 -2.214723e-09
0.000000e+00 -1.500000e-02 -1.000000e-02 3.372268e-09 1.171741e-02 -8.571046e-09
0.000000e+00 -5.000000e-03 -1.000000e-02 7.706364e-09 1.171741e-02 -8.676179e-09
0.000000e+00 5.000000e-03 -1.000000e-02 1.111416e-08 1.171741e-02 -9.120038e-09
0.000000e+00 1.500000e-02 -1.000000e-02 1.265778e-08 1.171741e-02 -8.118640e-09
0.000000e+00 2.500000e-02 -1.000000e-02 1.788784e-08 1.171741e-02 -1.075510e-08
0.000000e+00 3.500000e-02 -1.000000e-02 1.788914e-08 1.171741e-02 -1.169764e-08
0.000000e+00 4.500000e-02 -1.000000e-02 8.062844e-09 1.171740e-02 -5.987236e-09
-1.000000e-02 -4.500000e-02 -1.000000e-02 1.443366e-09 1.171741e-02 7.066296e-10
-1.000000e-02 -3.500000e-02 -1.000000e-02 -3.976143e-10 1.171741e-02 -3.372861e-09
-1.000000e-02 -2.500000e-02 -1.000000e-02 3.354553e-09 1.171741e-02 -1.986098e-09
-1.000000e-02 -1.500000e-02 -1.000000e-02 5.211130e-09 1.171741e-02 -8.118956e-09
-1.000000e-02 -5.000000e-03 -1.000000e-02 7.421213e-09 1.171741e-02 -1.050516e-08
-1.000000e-02 5.000000e-03 -1.000000e-02 1.264184e-08 1.171741e-02 -1.204590e-08
-1.000000e-02 1.500000e-02 -1.000000e-02 1.364257e-08 1.171741e-02 -1.117095e-08
-1.000000e-02 2.500000e-02 -1.000000e-02 1.424628e-08 1.171741e-02 -1.093588e-08
-1.000000e-02 3.500000e-02 -1.000000e-02 1.257258e-08 1.171741e-02 -9.436875e-09
-1.000000e-02 4.500000e-02 -1.000000e-02 5.221668e-09 1.171741e-02 -4.351768e-09
-2.000000e-02 -4.500000e-02 -1.000000e-02 1.379559e-09 1.171741e-02 -7.788448e-10
-2.000000e-02 -3.500000e-02 -1.000000e-02 3.780732e-10 1.171741e-02 -3.304360e-09
-2.000000e-02 -2.500000e-02 -1.000000e-02 1.599408e-09 1.171741e-02 -1.164352e-09
-2.000000e-02 -1.500000e-02 -1.000000e-02 3.554201e-09 1.171741e-02 -4.539013e-09
-2.000000e-02 -5.000000e-03 -1.000000e-02 4.400328e-09 1.171741e-02 -7.400287e-09
-2.000000e-02 5.000000e-03 -1.000000e-02 6.278526e-09 1.171741e-02 -1.061288e-08
-2.000000e-02 1.500000e-02 -1.000000e-02 6.128012e-09 1.171741e-02 -1.200513e-08
-2.000000e-02 2.500000e-02 -1.000000e-02 5.293643e-09 1.171741e-02 -1.101093e-08
-2.000000e-02 3.500000e-02 -1.000000e-02 4.208645e-09 1.171741e-02 -7.928328e-09
-2.000000e-02 4.500000e-02 -1.000000e-02 1.607878e-09 1.171742e-02 -3.053253e-09
2.000000e-02 -4.500000e-02 0.000000e+00 -2.856554e-09 1.171741e-02 -3.018675e-09
2.000000e-02 -3.500000e-02 0.000000e+00 -8.076742e-10 1.171741e-02 9.297512e-11
2.000000e-02 -2.500000e-02 0.000000e+00 1.252632e-09 1.171742e-02 -1.000610e-09
2.000000e-02 -1.500000e-02 0.000000e+00 6.372499e-09 1.171741e-02 -4.445350e-09
2.000000e-02 -5.000000e-03 0.000000e+00 3.799581e-09 1.171741e-02 -5.024074e-09
2.000000e-02 5.000000e-03 0.000000e+00 3.084123e-09 1.171741e-02 -7.962017e-09
2.000000e-02 1.500000e-02 0.000000e+00 1.887821e-09 1.171741e-02 -8.421939e-09
2.000000e-02 2.500000e-02 0.000000e+00 2.790399e-09 1.171741e-02 -1.547282e-08
2.000000e-02 3.500000e-02 0.000000e+00 4.185184e-09 1.171741e-02 -1.853201e-08
2.000000e-02 4.500000e-02 0.000000e+00 2.621337e-09 1.171740e-02 -9.273791e-09
1.000000e-02 -4.500000e-02 0.000000e+00 -9.987823e-10 1.171741e-02 -1.882217e-09
1.000000e-02 -3.500000e-02 0.000000e+00 3.291291e-09 1.171741e-02 -2.938174e-09
1.000000e-02 -2.500000e-02 0.000000e+00 2.214723e-09 1.171741e-02 -2.404413e-09
1.000000e-02 -1.500000e-02 0.000000e+00 8.571046e-09 1.171741e-02 -3.372268e-09
1.000000e-02 -5.000000e-03 0.000000e+00 8.676179e-09 1.171741e-02 -7.706364e-09
1.000000e-02 5.000000e-03 0.000000e+00 9.120038e-09 1.171741e-02 -1.111416e-08
1.000000e-02 1.500000e-02 0.000000e+00 8.118640e-09 1.171741e-02 -1.265778e-08
1.000000e-02 2.500000e-02 0.000000e+00 1.075510e-08 1.171741e-02 -1.788784e-08
1.000000e-02 3.500000e-02 0.000000e+00 1.169764e-08 1.171741e-02 -1.788914e-08
1.000000e-02 4.500000e-02 0.000000e+00 5.987236e-09 1.171740e-02 -8.062844e-09
0.000000e+00 -4.500000e-02 0.000000e+00 1.136327e-09 1.171741e-02 -1.136327e-09
0.000000e+00 -3.500000e-02 0.000000e+00 2.887846e-09 1.171741e-02 -2.887846e-09
0.000000e+00 -2.500000e-02 0.000000e+00 3.263531e-09 1.171741e-02 -3.263531e-09
0.000000e+00 -1.500000e-02 0.000000e+00 4.680681e-09 1.171741e-02 -4.680681e-09
0.000000e+00 -5.000000e-03 0.000000e+00 8.088721e-09 1.171741e-02 -8.088721e-09
0.000000e+00 5.000000e-03 0.000000e+00 1.334660e-08 1.171741e-02 -1.334660e-08
0.000000e+00 1.500000e-02 0.000000e+00 1.498351e-08 1.171741e-02 -1.498351e-08
0.000000e+00 2.500000e-02 0.000000e+00 1.648586e-08 1.171741e-02 -1.648586e-08
0.000000e+00 3.500000e-02 0.000000e+00 1.429739e-08 1.171741e-02 -1.429739e-08
0.000000e+00 4.500000e-02 0.000000e+00 6.060827e-09 1.171741e-02 -6.060827e-09
-1.000000e-02 -4.500000e-02 0.000000e+00 4.513354e-10 1.171741e-02 4.114761e-10
-1.000000e-02 -3.500000e-02 0.000000e+00 -1.029323e-09 1.171741e-02 -2.404992e-09
-1.000000e-02 -2.500000e-02 0.000000e+00 3.562129e-09 1.171741e-02 -3.569111e-09
-1.000000e-02 -1.500000e-02 0.000000e+00 3.641534e-09 1.171741e-02 -6.444046e-09
-1.000000e-02 -5.000000e-03 0.000000e+00 3.450703e-09 1.171741e-02 -7.696079e-09
-1.000000e-02 5.000000e-03 0.000000e+00 1.015072e-08 1.171741e-02 -1.209887e-08
-1.000000e-02 1.500000e-02 0.000000e+00 1.353130e-08 1.171741e-02 -1.444512e-08
-1.000000e-02 2.500000e-02 0.000000e+00 1.284307e-08 1.171741e-02 -1.432742e-08
-1.000000e-02 3.500000e-02 0.000000e+00 9.737765e-09 1.171741e-02 -1.091748e-08
-1.000000e-02 4.500000e-02 0.000000e+00 3.569807e-09 1.171742e-02 -4.302750e-09
-2.000000e-02 -4.500000e-02 0.000000e+00 1.172780e-09 1.171741e-02 7.262631e-10
-2.000000e-02 -3.500000e-02 0.000000e+00 1.817962e-10 1.171741e-02 -2.318270e-09
-2.000000e-02 -2.500000e-02 0.000000e+00 1.260689e-09 1.171741e-02 -1.664712e-09
-2.000000e-02 -1.500000e-02 0.000000e+00 1.159401e-09 1.171741e-02 -4.792338e-09
-2.000000e-02 -5.000000e-03 0.000000e+00 2.385810e-10 1.171740e-02 -5.585734e-09
-2.000000e-02 5.000000e-03 0.000000e+00 2.840033e-09 1.171741e-02 -8.230813e-09
-2.000000e-02 1.500000e-02 0.000000e+00 4.778612e-09 1.171741e-02 -1.130680e-08
-2.000000e-02 2.500000e-02 0.000000e+00 4.321913e-09 1.171741e-02 -1.147121e-08
-2.000000e-02 3.500000e-02 0.000000e+00 2.952826e-09 1.171742e-02 -8.009160e-09
-2.000000e-02 4.500000e-02 0.000000e+00 8.748798e-10 1.171742e-02 -2.913043e-09
2.000000e-02 -4.500000e-02 1.000000e-02 -1.779150e-09 1.171741e-02 1.326292e-09
2.000000e-02 -3.500000e-02 1.000000e-02 -2.906735e-10 1.171741e-02 1.042391e-09
2.000000e-02 -2.500000e-02 1.000000e-02 4.777122e-10 1.171742e-02 -4.612500e-09
2.000000e-02 -1.500000e-02 1.000000e-02 5.095204e-09 1.171741e-02 -7.673567e-09
2.000000e-02 -5.000000e-03 1.000000e-02 5.437326e-09 1.171741e-02 -4.726596e-09
2.000000e-02 5.000000e-03 1.000000e-02 5.062611e-09 1.171741e-02 -8.657874e-09
2.000000e-02 1.500000e-02 1.000000e-02 3.701998e-09 1.171741e-02 -9.644811e-09
2.000000e-02 2.500000e-02 1.000000e-02 3.402657e-09 1.171741e-02 -1.258724e-08
2.000000e-02 3.500000e-02 1.000000e-02 3.503413e-09 1.171741e-02 -1.350708e-08
2.000000e-02 4.500000e-02 1.000000e-02 1.904731e-09 1.171741e-02 -6.503789e-09
1.000000e-02 -4.500000e-02 1.000000e-02 -7.066296e-10 1.171741e-02 -1.443366e-09
1.000000e-02 -3.500000e-02 1.000000e-02 3.372861e-09 1.171741e-02 3.976143e-10
1.000000e-02 -2.500000e-02 1.000000e-02 1.986098e-09 1.171741e-02 -3.354553e-09
1.000000e-02 -1.500000e-02 1.000000e-02 8.118956e-09 1.171741e-02 -5.211130e-09
1.000000e-02 -5.000000e-03 1.000000e-02 1.050516e-08 1.171741e-02 -7.421213e-09
1.000000e-02 5.000000e-03 1.000000e-02 1.204590e-08 1.171741e-02 -1.264184e-08
1.000000e-02 1.500000e-02 1.000000e-02 1.117095e-08 1.171741e-02 -1.364257e-08
1.000000e-02 2.500000e-02 1.000000e-02 1.093588e-08 1.171741e-02 -1.424628e-08
1.000000e-02 3.500000e-02 1.000000e-02 9.436875e-09 1.171741e-02 -1.257258e-08
1.000000e-02 4.500000e-02 1.000000e-02 4.351768e-09 1.171741e-02 -5.221668e-09
0.000000e+00 -4.500000e-02 1.000000e-02 -4.114761e-10 1.171741e-02 -4.513354e-10
0.000000e+00 -3.500000e-02 1.000000e-02 2.404992e-09 1.171741e-02 1.029323e-09
0.000000e+00 -2.500000e-02 1.000000e-02 3.569111e-09 1.171741e-02 -3.562129e-09
0.000000e+00 -1.500000e-02 1.000000e-02 6.444046e-09 1.171741e-02 -3.641534e-09
0.000000e+00 -5.000000e-03 1.000000e-02 7.696079e-09 1.171741e-02 -3.450703e-09
0.000000e+00 5.000000e-03 1.000000e-02 1.209887e-08 1.171741e-02 -1.015072e-08
0.000000e+00 1.500000e-02 1.000000e-02 1.444512e-08 1.171741e-02 -1.353130e-08
0.000000e+00 2.500000e-02 1.000000e-02 1.432742e-08 1.171741e-02 -1.284307e-08
0.000000e+00 3.500000e-02 1.000000e-02 1.091748e-08 1.171741e-02 -9.737765e-09
0.000000e+00 4.500000e-02 1.000000e-02 4.302750e-09 1.171742e-02 -3.569807e-09
-1.000000e-02 -4.500000e-02 1.000000e-02 -4.192239e-10 1.171741e-02 4.192239e-10
-1.000000e-02 -3.500000e-02 1.000000e-02 -9.671908e-10 1.171741e-02 9.671907e-10
-1.000000e-02 -2.500000e-02 1.000000e-02 1.755734e-09 1.171741e-02 -1.755734e-09
-1.000000e-02 -1.500000e-02 1.000000e-02 5.322787e-09 1.171741e-02 -5.322787e-09
-1.000000e-02 -5.000000e-03 1.000000e-02 4.918226e-09 1.171740e-02 -4.918226e-09
-1.000000e-02 5.000000e-03 1.000000e-02 7.526049e-09 1.171741e-02 -7.526049e-09
-1.000000e-02 1.500000e-02 1.000000e-02 9.965857e-09 1.171741e-02 -9.965857e-09
-1.000000e-02 2.500000e-02 1.000000e-02 9.231629e-09 1.171741e-02 -9.231629e-09
-1.000000e-02 3.500000e-02 1.000000e-02 6.284344e-09 1.171742e-02 -6.284344e-09
-1.000000e-02 4.500000e-02 1.000000e-02 2.073884e-09 1.171742e-02 -2.073884e-09
-2.000000e-02 -4.500000e-02 1.000000e-02 1.064772e-09 1.171741e-02 1.380235e-09
-2.000000e-02 -3.500000e-02 1.000000e-02 2.913512e-10 1.171741e-02 -7.066301e-10
-2.000000e-02 -2.500000e-02 1.000000e-02 -3.049916e-10 1.171741e-02 -2.366658e-09
-2.000000e-02 -1.500000e-02 1.000000e-02 1.902493e-09 1.171741e-02 -6.734602e-09
-2.000000e-02 -5.000000e-03 1.000000e-02 2.289983e-09 1.171740e-02 -8.099581e-09
-2.000000e-02 5.000000e-03 1.000000e-02 2.410469e-09 1.171740e-02 -7.093744e-09
-2.000000e-02 1.500000e-02 1.000000e-02 2.989686e-09 1.171741e-02 -6.535707e-09
-2.000000e-02 2.500000e-02 1.000000e-02 2.437434e-09 1.171742e-02 -5.712875e-09
-2.000000e-02 3.500000e-02 1.000000e-02 1.300322e-09 1.171742e-02 -3.416535e-09
-2.000000e-02 4.500000e-02 1.000000e-02 2.181713e-10 1.171742e-02 -7.263745e-10
2.000000e-02 -4.500000e-02 2.000000e-02 -8.689643e-11 1.171741e-02 3.126941e-10
2.000000e-02 -3.500000e-02 2.000000e-02 -1.628972e-10 1.171741e-02 -2.502969e-10
2.000000e-02 -2.500000e-02 2.000000e-02 -5.315038e-12 1.171741e-02 -2.082435e-09
2.000000e-02 -1.500000e-02 2.000000e-02 3.910060e-09 1.171741e-02 -4.739344e-09
2.000000e-02 -5.000000e-03 2.000000e-02 6.494198e-09 1.171741e-02 -3.343456e-09
2.000000e-02 5.000000e-03 2.000000e-02 7.068087e-09 1.171741e-02 -4.273050e-09
2.000000e-02 1.500000e-02 2.000000e-02 5.885577e-09 1.171741e-02 -3.944433e-09
2.000000e-02 2.500000e-02 2.000000e-02 4.449435e-09 1.171741e-02 -4.246865e-09
2.000000e-02 3.500000e-02 2.000000e-02 3.250686e-09 1.171741e-02 -4.461372e-09
2.000000e-02 4.500000e-02 2.000000e-02 1.339214e-09 1.171741e-02 -2.173395e-09
1.000000e-02 -4.500000e-02 2.000000e-02 7.788448e-10 1.171741e-02 -1.379559e-09
1.000000e-02 -3.500000e-02 2.000000e-02 3.304360e-09 1.171741e-02 -3.780732e-10
1.000000e-02 -2.500000e-02 2.000000e-02 1.164352e-09 1.171741e-02 -1.599408e-09
1.000000e-02 -1.500000e-02 2.000000e-02 4.539013e-09 1.171741e-02 -3.554201e-09
1.000000e-02 -5.000000e-03 2.000000e-02 7.400287e-09 1.171741e-02 -4.400328e-09
1.000000e-02 5.000000e-03 2.000000e-02 1.061288e-08 1.171741e-02 -6.278526e-09
1.000000e-02 1.500000e-02 2.000000e-02 1.200513e-08 1.171741e-02 -6.128012e-09
1.000000e-02 2.500000e-02 2.000000e-02 1.101093e-08 1.171741e-02 -5.293643e-09
1.000000e-02 3.500000e-02 2.000000e-02 7.928328e-09 1.171741e-02 -4.208645e-09
1.000000e-02 4.500000e-02 2.000000e-02 3.053253e-09 1.171742e-02 -1.607878e-09
0.000000e+00 -4.500000e-02 2.000000e-02 -7.262630e-10 1.171741e-02 -1.172780e-09
0.000000e+00 -3.500000e-02 2.000000e-02 2.318270e-09 1.171741e-02 -1.817962e-10
0.000000e+00 -2.500000e-02 2.000000e-02 1.664712e-09 1.171741e-02 -1.260689e-09
0.000000e+00 -1.500000e-02 2.000000e-02 4.792338e-09 1.171741e-02 -1.159401e-09
0.000000e+00 -5.000000e-03 2.000000e-02 5.585734e-09 1.171740e-02 -2.385810e-10
0.000000e+00 5.000000e-03 2.000000e-02 8.230813e-09 1.171741e-02 -2.840033e-09
0.000000e+00 1.500000e-02 2.000000e-02 1.130680e-08 1.171741e-02 -4.778612e-09
0.000000e+00 2.500000e-02 2.000000e-02 1.147121e-08 1.171741e-02 -4.321913e-09
0.000000e+00 3.500000e-02 2.000000e-02 8.009160e-09 1.171742e-02 -2.952826e-09
0.000000e+00 4.500000e-02 2.000000e-02 2.913043e-09 1.171742e-02 -8.748798e-10
-1.000000e-02 -4.500000e-02 2.000000e-02 -1.380235e-09 1.171741e-02 -1.064772e-09
-1.000000e-02 -3.500000e-02 2.000000e-02 7.066301e-10 1.171741e-02 -2.913512e-10
-1.000000e-02 -2.500000e-02 2.000000e-02 2.366658e-09 1.171741e-02 3.049916e-10
-1.000000e-02 -1.500000e-02 2.000000e-02 6.734602e-09 1.171741e-02 -1.902493e-09
-1.000000e-02 -5.000000e-03 2.000000e-02 8.099581e-09 1.171740e-02 -2.289983e-09
-1.000000e-02 5.000000e-03 2.000000e-02 7.093744e-09 1.171740e-02 -2.410469e-09
-1.000000e-02 1.500000e-02 2.000000e-02 6.535707e-09 1.171741e-02 -2.989686e-09
-1.000000e-02 2.500000e-02 2.000000e-02 5.712875e-09 1.171742e-02 -2.437434e-09
-1.000000e-02 3.500000e-02 2.000000e-02 3.416535e-09 1.171742e-02 -1.300322e-09
-1.000000e-02 4.500000e-02 2.000000e-02 7.263745e-10 1.171742e-02 -2.181713e-10
-2.000000e-02 -4.500000e-02 2.000000e-02 2.117689e-10 1.171741e-02 -2.117689e-10
-2.000000e-02 -3.500000e-02 2.000000e-02 1.855617e-09 1.171741e-02 -1.855617e-09
-2.000000e-02 -2.500000e-02 2.000000e-02 1.871613e-09 1.171741e-02 -1.871613e-09
-2.000000e-02 -1.500000e-02 2.000000e-02 2.571216e-09 1.171740e-02 -2.571216e-09
-2.000000e-02 -5.000000e-03 2.000000e-02 3.419935e-09 1.171740e-02 -3.419935e-09
-2.000000e-02 5.000000e-03 2.000000e-02 2.407728e-09 1.171741e-02 -2.407728e-09
-2.000000e-02 1.500000e-02 2.000000e-02 1.348463e-09 1.171741e-02 -1.348463e-09
-2.000000e-02 2.500000e-02 2.000000e-02 8.031585e-10 1.171742e-02 -8.031585e-10
-2.000000e-02 3.500000e-02 2.000000e-02 8.501691e-11 1.171742e-02 -8.501691e-11
-2.000000e-02 4.500000e-02 2.000000e-02 -4.726298e-10 1.171742e-02 4.726298e-10
